GORRIGENDA ET ADllllNllA. 645

011.601111.“ΙΙ425,2110102011.301111.11428,5 1101020116
01111. ΙΙ 465, 711001 essu 1000100100 ΙΙ 503, 1 001. Liger pro Liges ΙΙ
508, 8 inpedimentis 11101101. (11010 546, 5) ll 545, 3 perducuntur:
1110 perducuntur. ΙΙ 555, 7 intellegebat 1110 intellig. 11 614,4 1110-
10101001; 1110 proficiebant, ΙΙ 61510 marg. dele 4.

10 adnotatione 0111100 11. 1, 11 u 1. 001. ut pro 011115, 411011-
1001, 1101011. pro 1110110111 110011. (item 0010 commate 12, 7 0 1. 01,
33, 6011100001, 34,5. 47,10. 73,15. 75, 7. 98, 8. 120,27.
123, 2. 146, 8. 156,18. 157, 7. 169,20 1101110,42,12 000000- ,·
liunt, 43, 10 frequentiorem, 52, 6 0 1. 153,4 01. 156,4 a 1.
maiorem, 67 , 19 Alcyonen, 71, 7 0 1. conflixerunt, 78 ult. 000110,
82, 3. 103, 4. 120, 12 mugio, 82, 5. 180, 6 0 1. 630, 191110101,
82, 20 Pal, 901. meliorem, 65, 11111010, 22 inerint, 88, 2 000010,
103, 0. 100, 1011111111, 104, otono, 111, 011., 110, 21. 151, 0.
312, 11111, 113, 30 10010, 115, 16 00001, 123, 1 0000010, 130, 4
1111101110, 147, 10 0000101, 149, 14 ul. longius, 150, 8 unte, 154,5
0 1. 1111001111,165, 2 laciendum, 13 011, 172, 17 hibernorum, 178,
8 11010, J. 179, 10 uiuit, 206, 1. 576, 10 01010000, 213, 10 80010-
10001110, 226, 6 Reliqui, 267, 6 Caesar, 280, 701001, 302, 1 10110,
007, 21 contraxit, 011, 5. 5, 300, 11. onemo, 059, 11 ost, 415, r
000011010, 429, 20 regione, 434, 1510001000, 439, 2110110110, 111.
ensinio, 444, 10 perspeculatus, 447, 1 1111010, 473, 210101, 541, 27
010111110110111, 587, 14 011011101101001, 13 0100001001, 604,1
bonoilum, 620, 13 1110000010, 641, 15 01. 110,) ΙΙ 8, 1331101,
(11000100000111101020,20001, 67, 9. 124, 7 0 1. 35817), 81,9
0 l. 0000100101, 105, 10 40001111, 110, 4011101, 164, 8 1010101101,
179, 011. Geel, 184, 13 0 l. 111, 12 0 1. oeconomio, 196, 14 praesens,
205, 2 0100115000, 205, 4 ol. Contra, 210,19 Α, 277,4 10011,
317, 14 1101010010, 361, 30. 35. 55, 374, 9, 33, 416, 8 a 1. 10110,
495, 13 alterum. 582, 9 discrimino, 597, 201010) 11 10, 7 mitium
pro initium ΙΙ 811. pro A ΙΙ 11, 1000111011 pro 01001111 16, 4 11111-
1111111110-100 11 unte 1. 10 0 1. 100010 possent] Plurulern 111111. (ln.
·60.1.011.11.0101.1100. 1. oum 01111. liabent, in reliquis 001 persei
(110011 tomen Pl. ex Bong. Α, 000 00010111) quod 1001111011εο invectum
1000111101011 ub 110, qui ltoo (10 luduuionraro dietum 10101001. ΙΙ 19,3
0 1. 001. Α pro A. (11001 66, 1. 102, 011. 104, 14. 109, 15. 112, 4.
178, 7. 268, 5. 271, 6. 290, 11. 402, 2. 404, 30 1. 435, 15 01.
476, 011. 549, 13. 28) ΙΙ 20,81891110189.11324.6,11105.6, ll
25,11 aliquanto 1110 -do 11 28,1301. 1001110111. 11 31,11
0 l. 600110101110110 pro -turrio 11 36, 100110000011110 -01011141,
110098 111097 ΙΙ 44, 11 Gl. 1110016111 46, 7 0001010101110 11000-
10011152, 101101610011101001153, 10 0111111001156, 13
Βο1110111030111101161,11411041162,3Β111011.(11010158,9·
177,12. 1100111003,8.054,401.031,15.451,-10.453,11.

. 11 n

 

